
function[V] =Initialise_V_Jacobi_metal_box 
% clear variables clear; 
V = [-1 -0.67 -0.33 0 0.33 0.67 1;          
    -1       0       0    0    0       0    1;          
    -1       0       0    0    0       0    1;          
    -1       0       0    0    0       0    1;          
    -1       0       0    0    0       0    1;          
    -1       0       0    0    0       0    1;         
    -1 -0.67 -0.33   0   0.33   0.67 1];       